917684859
146757583
1387411563
-1681593973
85359262
1793278077
877360064
-662862848
1097218626
-1442887140
2137162567
-1456206068
-320324151
-248033701
1499217502
1230761877
-631374213
108248993
1863496071
1629171988
220489896
1711271246
1829537776
1860885084
-79652033
-337798779
1156684653
-1395031981
1972052121
-1963531847
875962585
836001172
-1257317323
-155600240
-1636097329
-1705869331
1334517349
-1858458135
-425532121
-1764510857
1648772092
-1003817269
-1709525088
-289258476
-1234548988
1843877513
-916384343
1627586945
-625553155
1930958175
343156533
1830812905
1152967561
-1958844524
-11344217
-1763581567
-1745495586
313453561
2142729847
-782380988
-623709003
-1668767765
-1490536018
1823161062
310410037
-599736308
-1849023460
51729331
1831673948
-1422690753
1708590935
-919894196
311264794
2023999701
-1475778282
1663145482
-1411468502
-2125371243
503630228
-1458520444
-1677531401
-1421658428
4605241
541082156
-887565208
636156250
1513355446
988123503
-1274481230
-1608193469
2060767134
2020670779
-680692704
-230102641
1107644697
795197675
1361286653
284260976
-1281510285
-1190448181
839553304
476341585
1046091413
1453448878
-768869756
-1308442737
-610018329
-1502223905
1761603864
1022607183
-2049784195
-130925139
-202850413
-525863013
1218643679
-1686414906
1557226134
-1675804001
-1022454933
-37597468
1357651163
-841792778
-1673326212
-1160720661
791308310
1791246076
52783947
-1077883522
-454691724
-846226396
1643724397
194718561
998687182
-3838205
-1090162138
228546178
814827157
-310112391
766238925
76940421
715841897
325253121
-1234792834
-829979401
2124765524
-1731391632
-1252975602
-503684311
-908906931
-694104424
